uri	danceability	energy	key	loudness	mode	speechiness	acousticness	instrumentalness	liveness	valence	tempo	duration_ms
spotify:track:126B1mu0tb4gEqyjufUjms	0.802	0.886	10	-7.676	0	0.0393	3e-05	0.902	0.0986	0.0774	120.018	512697
spotify:track:200DiJQhDi69nkGXOrrJgn	0.72	0.534	4	-11.949	0	0.0375	0.0223	0.86	0.11	0.0393	120.009	417812
spotify:track:5dVNX4bu0pQImyIcsodydt	0.657	0.56	11	-13.18	0	0.036	0.00228	0.923	0.111	0.0566	121.995	403505
spotify:track:0eKe1PGoUHeTY9CGn0qH80	0.88	0.482	10	-11.418	1	0.0533	0.000369	0.865	0.114	0.465	118.996	390037
spotify:track:6X8Ma5Du7eytD3vMeL2YFy	0.801	0.602	8	-8.268	0	0.0524	0.00592	0.796	0.217	0.781	128.027	587040
spotify:track:7qPdQj8fmjU4xJbqdYYTU5	0.743	0.654	6	-10.368	1	0.0758	7.6e-05	0.778	0.0799	0.372	138.039	426053
spotify:track:2LfI8RId2sMaeyrNt53JHo	0.736	0.683	4	-8.04	0	0.0574	0.00862	0.773	0.0756	0.128	121.998	409184
spotify:track:5x0e4uMMRFnRMxcsEYaSgC	0.849	0.704	2	-6.866	1	0.0603	0.00929	0.145	0.0597	0.369	124.997	293000
spotify:track:05ElNczF9DQTlLa1w8B67N	0.573	0.703	7	-11.031	1	0.0513	0.0149	0.921	0.111	0.0377	133.997	329552
spotify:track:7t7V8DTZcNjQsxW7nqa1xJ	0.758	0.794	10	-7.833	1	0.0696	0.000191	0.764	0.13	0.163	127.994	434709
spotify:track:1DTLuAyZhiqLbxpZM3QoaY	0.521	0.861	1	-7.398	0	0.0298	0.000998	0.845	0.299	0.06	127.995	230625
spotify:track:77aKtsd1ZO94xmQmX671db	0.793	0.646	0	-7.669	0	0.0557	0.00119	0.697	0.0531	0.488	121.999	630492
spotify:track:4lK6ZjULKkSyQMUgXZEyCM	0.735	0.833	6	-8.268	0	0.0368	0.000457	0.914	0.0954	0.124	122.023	426804
spotify:track:3gMpytR0jqQHKlq3TQHeWc	0.817	0.621	7	-6.241	1	0.0569	0.0015	0.102	0.0654	0.468	124.015	372500
spotify:track:1GHOLip5jcgRIBqd8QUx7N	0.788	0.786	3	-9.321	0	0.0381	0.0844	0.877	0.138	0.157	122.008	255779
spotify:track:54MaLhOQkRH21TVbpF4PZO	0.796	0.599	6	-9.015	0	0.0417	0.000393	0.815	0.0865	0.223	126.008	466823
spotify:track:36V6S72f8wJ06yWyqq8yAE	0.566	0.733	10	-10.057	0	0.0314	0.014	0.195	0.116	0.118	128.014	326253
spotify:track:5uwnXVq6NrQDvIlVZznVaC	0.633	0.772	6	-4.955	0	0.0768	0.0426	6.09e-06	0.417	0.304	133.978	188100
spotify:track:5g7Qr5tcNvpLyXjUWoWgCb	0.735	0.496	1	-8.535	1	0.0544	0.166	0.342	0.102	0.285	123.985	383328
spotify:track:6XBY1sYuQpg3uqD15lMy2y	0.68	0.94	6	-4.629	1	0.0736	0.000199	0.00824	0.0801	0.254	128.012	411094
spotify:track:3fLXYKCsk4QRYTHUFtcL03	0.559	0.885	7	-6.507	0	0.0355	0.00129	0.0688	0.0576	0.0752	127.973	277969
spotify:track:5Fwy2NWmrpqYty8JcVsziA	0.719	0.871	7	-6.051	1	0.0415	0.000893	0.00107	0.0435	0.274	125.004	449400
spotify:track:4Z71ZiUlYReaY7dxv6MncY	0.745	0.772	7	-8.701	1	0.0518	0.00651	0.81	0.142	0.0905	129.992	347077
spotify:track:7KTXRffEb5n9bqUSgYmNXk	0.561	0.987	9	-4.26	0	0.0447	0.0763	0.508	0.183	0.0397	122.979	229024
spotify:track:1kUEp7z1Ivfk2caT9uQP1P	0.544	0.97	0	-6.599	1	0.0384	0.000173	0.874	0.121	0.13	131.974	220000
spotify:track:0Bwy2Bwxqzhx8bfSBgWY5W	0.666	0.863	4	-6.357	0	0.0412	7.44e-05	0.914	0.201	0.159	124.991	401150
spotify:track:2HPeTDcsRgHHwG70TGlhRF	0.586	0.773	0	-7.539	1	0.0379	9.07e-05	0.917	0.272	0.0398	129.999	384000
spotify:track:1WsHKAuN9vDthcmimdqqaY	0.751	0.721	11	-8.093	0	0.0655	0.000252	0.574	0.119	0.0388	126.02	502969
spotify:track:3QeQ9CW00jI5J6NPF7vel0	0.608	0.987	6	-5.872	0	0.164	0.0157	0.489	0.314	0.0842	130.004	216274
spotify:track:7l4PZF1AU7bu8FFbMtMyRo	0.787	0.927	1	-5.191	1	0.0445	0.000144	0.896	0.0668	0.548	133.998	374328
spotify:track:6VouvfyygVMuODigWmheJT	0.8	0.879	8	-5.605	0	0.0618	0.000424	0.715	0.057	0.175	127.007	396852
spotify:track:1lbUtnuS8AYvKd0lziKpJ4	0.723	0.822	10	-9.421	0	0.0452	0.000607	0.788	0.112	0.0629	127.007	549051
spotify:track:6PzfuuQ95fRU9JRFSFFq77	0.555	0.918	4	-10.394	1	0.034	0.00721	0.861	0.104	0.1	121.988	283902
spotify:track:2dwU9cQumllxZFtXgautY4	0.859	0.689	11	-7.963	0	0.0877	0.102	0.0337	0.141	0.49	118.983	210156
spotify:track:2G4GRlIkay5zMX0eXFncFI	0.8	0.597	2	-6.564	1	0.0736	4.49e-05	0.892	0.0902	0.548	119.996	400799
spotify:track:4ukLAzXMLNzr9yxjlH7mJF	0.716	0.778	5	-10.031	1	0.0331	9.66e-05	0.876	0.0964	0.0278	121.011	428940
spotify:track:51HdhfbF3LvPfJuSGf6Bot	0.663	0.708	6	-7.789	1	0.0406	0.0072	0.794	0.125	0.235	121.986	271691
spotify:track:6vQ78qxkllkimCtAyIZph2	0.796	0.935	7	-7.542	1	0.0466	0.000432	0.882	0.102	0.241	125.009	277863
spotify:track:2vhLsN2p6FHPPm4LfEBB3N	0.711	0.604	5	-8.675	0	0.0532	0.000882	0.818	0.0859	0.526	127.001	426000
spotify:track:6X6Ow0iioCrYQSK1QDHQbC	0.748	0.909	5	-8.322	0	0.0505	0.0576	0.89	0.0945	0.0617	130.0	489480
spotify:track:2N9lsIRGL2ElSOGeoAFjR4	0.871	0.94	4	-6.366	0	0.0757	0.00168	0.832	0.142	0.672	125.008	320410
spotify:track:1NB8HcUSulY9WexgXms8ff	0.71	0.817	5	-8.785	0	0.0463	0.00831	0.895	0.129	0.255	124.997	385000
spotify:track:0UpOECrQV1WCxepq5aSTyO	0.742	0.513	0	-11.965	1	0.0301	0.327	0.903	0.133	0.435	119.97	258009
spotify:track:02f2u3zaWbEYDcBnqNZz2r	0.735	0.856	8	-10.15	1	0.0458	0.0026	0.814	0.0731	0.242	120.021	246540
spotify:track:0gDfkQYmyiq0eZFLof6hbh	0.405	0.882	7	-8.774	1	0.0322	0.00037	0.961	0.1	0.0571	134.782	194947
spotify:track:3widiHpfdpLKuLqu7oMfaO	0.529	0.928	4	-5.493	0	0.0561	0.0101	0.255	0.328	0.0749	131.984	227273
spotify:track:5l8VA4LS2FUfqavQVgaaxO	0.754	0.752	4	-10.233	0	0.0434	7.46e-05	0.862	0.0834	0.161	139.998	336267
spotify:track:00jeiElGSGej0YjhJYAzaw	0.821	0.58	9	-7.181	0	0.052	0.00394	0.857	0.0918	0.319	123.991	364334
spotify:track:1DMAvjc8lHD1rGKvTOh66L	0.843	0.805	6	-6.923	0	0.0507	0.000965	0.388	0.0495	0.963	122.005	350857
spotify:track:5jZdoOLctNYU8c9zDlCLzJ	0.849	0.931	8	-7.517	0	0.0482	0.000458	0.103	0.0477	0.839	121.005	335222
spotify:track:7oKKVO6iODYTFlibMX9oGC	0.833	0.875	4	-6.598	1	0.044	0.000554	0.356	0.0459	0.844	120.005	420531
spotify:track:6DpL6pVHnCZ91EoPzkB0Zi	0.77	0.764	7	-7.704	1	0.0429	0.00432	0.621	0.037	0.332	124.007	221990
spotify:track:1LIj5vN7Q8id16vaNQ92G6	0.793	0.903	1	-7.748	1	0.0536	0.0838	0.906	0.0957	0.626	125.005	362880
spotify:track:0tFyBGnOezYA449BKb1hZn	0.743	0.591	2	-10.059	1	0.0438	0.0017	0.866	0.11	0.0461	130.006	432092
spotify:track:5s36m0BvCeiP7rYEVejL7F	0.607	0.933	7	-6.817	1	0.047	0.00201	0.875	0.101	0.11	126.007	459939
spotify:track:2cXo7Bly6wskckTQytxAOy	0.816	0.866	6	-6.282	0	0.0602	0.000766	0.848	0.0998	0.95	130.016	431077
spotify:track:0fZ19tHX4FSslZn8EeKCpo	0.708	0.749	9	-7.003	1	0.0406	0.000143	0.877	0.0838	0.17	123.997	313748
spotify:track:31QqKRikjh4mtLFPle9ub9	0.568	0.912	5	-11.388	0	0.0393	0.514	0.914	0.0993	0.215	122.012	227161
spotify:track:4W55qYfxVD5iyfkDXgK6ue	0.743	0.838	11	-6.143	1	0.0442	0.47	0.777	0.0608	0.704	121.007	352572
spotify:track:1qGtpcoxzY6ouy2yOtwHcN	0.707	0.96	2	-5.411	1	0.0739	0.00726	0.45	0.101	0.707	125.018	207360
spotify:track:2QlevuOOERHLcKxkhXskAK	0.502	0.963	7	-6.001	0	0.0566	0.00284	0.858	0.762	0.0395	127.995	159000
spotify:track:4hl7Fu604rMlt4viCJmSN9	0.693	0.867	6	-10.746	0	0.0447	0.0215	0.876	0.119	0.299	130.0	353086
spotify:track:4DQTrCa02Vo34fDS0nHmSX	0.608	0.894	7	-7.429	1	0.0402	0.0158	0.903	0.831	0.442	131.997	281818
spotify:track:20f9byj2N9OlC3VbHprwKk	0.73	0.966	9	-6.116	1	0.061	0.00274	0.0861	0.374	0.664	123.981	198145
spotify:track:4Wqt3AN9VdDLSasuomSYmI	0.855	0.582	8	-5.428	1	0.0414	0.00875	0.026	0.0766	0.454	122.998	279476
spotify:track:7n9rePdJHPQ6QFgpjTPEj6	0.639	0.975	3	-6.934	1	0.0732	0.000249	0.749	0.204	0.0302	144.011	363443
spotify:track:3ODEf1vww4qljvqidfcqIU	0.714	0.572	9	-13.038	1	0.0413	0.017	0.926	0.109	0.0449	121.012	413045
spotify:track:72DJYvdItwcnDUzbViU1Kl	0.683	0.732	5	-7.222	1	0.0415	0.00193	0.366	0.0534	0.123	123.015	411172
spotify:track:2z1eTgub49WD8F7RWBO2Fg	0.595	0.985	11	-5.44	0	0.0491	0.0116	0.933	0.0379	0.274	145.012	360781
spotify:track:4t1DXTyp454P6uY7FL29rg	0.793	0.476	11	-15.635	0	0.0682	0.0673	0.941	0.104	0.0599	127.993	397500
spotify:track:5iOeyAeFbAIbASxoYoAswL	0.757	0.889	1	-8.399	1	0.0686	0.0795	0.963	0.112	0.0933	131.015	355958
spotify:track:5UsfWcP6SThHlZ4oAgx7ge	0.725	0.908	7	-8.798	1	0.0345	0.0375	0.822	0.108	0.134	128.006	337500
spotify:track:0L0jY2Wszmkau1tKQv2AZJ	0.728	0.863	7	-8.398	1	0.0703	0.0112	0.841	0.113	0.66	132.015	339604
spotify:track:2vfSCFvMbpf4hwxt22Wx7b	0.736	0.845	1	-12.017	1	0.0377	0.00548	0.901	0.111	0.198	128.009	393740
spotify:track:5e0cpLRbShZxK2w3LOR5Zb	0.606	0.867	10	-8.57	0	0.0559	0.000156	0.834	0.0847	0.033	131.985	363880
spotify:track:72uP5kgHIp7cwfnUNcFfPk	0.792	0.573	7	-12.719	1	0.0575	0.0448	0.939	0.11	0.0321	127.984	421525
spotify:track:1yQRAi2Wk8BniBuB27f1bf	0.686	0.78	1	-11.425	1	0.0413	0.122	0.869	0.107	0.206	128.012	375000
spotify:track:2IM2utL5oxwpN3kli1CiA9	0.731	0.872	1	-9.46	1	0.0692	0.0867	0.91	0.111	0.0368	130.992	429707
spotify:track:16AWPFcIfmbrYvl4hjOVHD	0.744	0.593	11	-11.791	1	0.0466	0.16	0.888	0.0616	0.0694	125.996	433218
spotify:track:4E3A7qJWoSZWBGqTKw6iFC	0.741	0.885	4	-8.703	0	0.0423	0.043	0.891	0.055	0.134	122.006	472623
spotify:track:4K7597R5TJY28eIzoepPKo	0.523	0.674	3	-10.349	0	0.0343	0.0121	0.936	0.0987	0.231	125.985	240240
spotify:track:7mJ8wKA9aexlL8ZLxqwPEO	0.8	0.703	9	-8.153	0	0.0455	0.00354	0.372	0.0497	0.411	119.008	523029
spotify:track:4nDmJSokE9MZ81UjCcWSNI	0.768	0.881	10	-8.086	0	0.0583	0.000507	0.86	0.623	0.138	120.998	397929
spotify:track:6KMdMe54uoAcCdffmvyiic	0.692	0.917	10	-5.022	0	0.0775	0.215	3.49e-06	0.181	0.658	128.992	240227
spotify:track:77vCn7iUHH8KAOqdOe1XjY	0.759	0.712	10	-5.859	0	0.053	0.365	0.0	0.0989	0.652	119.439	242960
spotify:track:43POhFEaOMcV8SOkgtLWne	0.92	0.642	2	-11.023	1	0.152	0.00658	0.377	0.114	0.179	128.001	410781
spotify:track:2ySk8ecOEBzNckGLKA6TEZ	0.691	0.714	0	-9.67	1	0.0345	0.0378	0.832	0.0937	0.277	125.981	255375
spotify:track:6pjHndin2nCDh5L57BJhUY	0.522	0.734	7	-9.367	1	0.0325	0.00193	0.68	0.398	0.0721	121.983	260123
spotify:track:3j953XKbVdcHUhwPeUVXmT	0.613	0.584	5	-15.232	0	0.0375	0.532	0.945	0.11	0.0392	121.993	268142
spotify:track:6jHwozb4zx4hIPnqpkAk0H	0.632	0.811	11	-11.253	1	0.0435	0.0114	0.893	0.151	0.0934	122.007	195743
spotify:track:7GG91wxtHKBS1Y2Yy0Qpxp	0.326	0.637	8	-11.773	1	0.0414	0.0661	0.909	0.0822	0.127	122.005	347485
spotify:track:7fhqnqIPiR0tvM0d3uj6tu	0.636	0.794	5	-9.08	1	0.039	0.0615	0.906	0.116	0.298	121.999	442894
spotify:track:3HqrQJO8bxiEq6GFgPWYwE	0.62	0.667	6	-10.825	0	0.0425	0.421	0.948	0.0991	0.185	121.991	210733
spotify:track:0DAb8uXdSsQpuhfbOUWVOg	0.729	0.679	7	-11.341	1	0.0401	0.0143	0.803	0.112	0.18	124.011	267097
spotify:track:716aUQxrISYyDXJc5Bvh46	0.799	0.628	2	-10.33	1	0.061	0.189	0.938	0.0968	0.0342	124.987	460912
spotify:track:1aZWxYL6hdaUQoO5QDKprV	0.776	0.757	6	-3.479	0	0.0498	0.00128	0.0482	0.567	0.33	124.01	412742
spotify:track:0GhMImCJ8bJ1oKDZOhUedJ	0.598	0.541	7	-11.495	1	0.0437	0.157	0.146	0.126	0.0422	128.001	480000
spotify:track:7aAv7FzsUEw7Zg3R7clpgT	0.74	0.758	2	-8.559	1	0.0435	0.00274	0.513	0.101	0.0324	125.001	557280
spotify:track:7EfeT6AP81defdjrBCQ3Ri	0.619	0.803	1	-8.557	0	0.0583	0.00249	0.789	0.059	0.226	120.993	285952
spotify:track:2EqVkvGSpRHGO9s2jRphYG	0.419	0.959	0	-1.379	0	0.0395	0.00238	0.00757	0.0861	0.334	174.027	225254
