uri	danceability	energy	key	loudness	mode	speechiness	acousticness	instrumentalness	liveness	valence	tempo	duration_ms	clusters
spotify:track:10DgWA0WUnRyIEWZaYr8X2	0.489	0.988	2	-6.997	0	0.0704	0.000524	0.252	0.095	0.325	139.984	329133	12
spotify:track:1oj2pRb6WTMLSXWQYzLQi3	0.826	0.572	9	-9.101	1	0.115	0.000876	0.748	0.059	0.527	150.029	320004	-1
spotify:track:4ZTJg1dnfr2hkFG8LAi3sQ	0.498	0.923	6	-4.137	0	0.0439	0.00519	0.433	0.19	0.394	155.042	182903	12
spotify:track:4az0mceEeIrQ9zSgDOFR8K	0.706	0.918	10	-7.341	0	0.0435	0.026	0.906	0.0815	0.522	122.996	429284	-1
spotify:track:1IYnbfPOJpwOrJG5eqsIKx	0.809	0.739	3	-7.907	0	0.0456	0.0168	0.905	0.0611	0.154	122.006	440840	-1
spotify:track:0LfGM1ufRoAijRPZzRGh6O	0.703	0.85	5	-11.245	1	0.0381	0.0121	0.905	0.172	0.253	117.993	374237	-1
spotify:track:0xP3AmNuR27Sghq4mH5kyP	0.641	0.929	10	-6.828	1	0.0367	0.000185	0.902	0.141	0.508	120.994	432496	-1
spotify:track:5GBzrOuiN7LPRDDpmauKWU	0.78	0.848	0	-10.478	1	0.0536	0.00318	0.885	0.0404	0.215	121.998	480000	-1
spotify:track:1BErI30goByAqdpvzdZ5BA	0.789	0.855	10	-9.684	0	0.0506	0.00805	0.859	0.0562	0.157	123.998	455447	-1
spotify:track:1nlAE3d0Q18d4BNwPprnoC	0.758	0.786	7	-8.412	1	0.0483	0.000615	0.761	0.54	0.121	122.008	480000	2
spotify:track:5fsd2enBrO4piPQ1ce8pjJ	0.771	0.862	9	-7.045	0	0.0488	0.00637	0.877	0.0785	0.812	121.001	478470	6
spotify:track:40D8AWY5FYpKLiOkvUhoAn	0.811	0.546	7	-8.981	1	0.0642	0.0173	0.827	0.069	0.135	118.005	464000	-1
spotify:track:1KQUb560cwduG9rBiDJ5XI	0.803	0.911	9	-6.586	1	0.0506	0.000379	0.87	0.116	0.567	123.011	515122	6
spotify:track:5yWlMxA89F3dymQ4dTg94a	0.8	0.74	7	-8.976	1	0.0426	0.000603	0.767	0.0783	0.611	122.012	371048	-1
spotify:track:03OYdj8G1m5ODOk3gOfB1G	0.75	0.894	11	-8.287	1	0.0486	0.000794	0.853	0.0973	0.211	122.003	572951	-1
spotify:track:2vPlo8KnXYwlx5PFOjLO1Q	0.754	0.692	1	-7.05	0	0.0367	0.00162	0.857	0.102	0.345	119.993	425806	-1
spotify:track:1TiQHS0Yu6GmyTIh8YNGA5	0.707	0.8	1	-8.077	1	0.0602	0.0183	0.831	0.0839	0.62	122.997	474146	6
spotify:track:3BtjtJf7tAbYYlehn2YXhL	0.799	0.812	6	-9.235	1	0.0532	0.000161	0.891	0.109	0.0382	123.99	374816	-1
spotify:track:3dMiWrtbaUTyxGjP0Nnnwm	0.592	0.394	6	-17.265	1	0.0387	0.667	0.377	0.11	0.0357	120.983	298000	-1
spotify:track:0kgjbGHyYbjpUwEH9Raelj	0.741	0.95	8	-7.309	1	0.0671	0.0017	0.789	0.0906	0.035	125.012	308214	28
spotify:track:1gFQbFF3opR3wR7BWYgJAz	0.792	0.897	7	-9.183	1	0.0447	0.00391	0.867	0.0819	0.0759	121.002	393058	-1
spotify:track:0sV7fwKvrPYI6VCy9USbwe	0.768	0.579	7	-6.445	1	0.0317	6.57e-05	0.793	0.105	0.775	122.016	363602	6
spotify:track:6erbhOp8zmILWVbHUKaowm	0.786	0.92	2	-8.307	1	0.0637	0.00146	0.87	0.0515	0.16	122.004	487869	26
spotify:track:20tsqOUnmxpTtWP5SWehfq	0.638	0.918	6	-8.157	0	0.0439	0.0107	0.824	0.339	0.17	121.986	200656	2
spotify:track:6I0XL386Nr9gMH42VuXV5z	0.784	0.653	11	-7.871	0	0.0429	0.000135	0.902	0.0875	0.0571	121.007	542000	-1
spotify:track:5YA4FP3rtczqHS8yUS4sYO	0.799	0.707	7	-8.881	1	0.0709	0.000284	0.884	0.0968	0.692	129.985	355125	-1
spotify:track:1uRkLJG9sdMFIB8Hb18uGx	0.803	0.823	2	-5.968	1	0.0598	0.00596	0.0012	0.336	0.769	124.998	172826	2
spotify:track:26u8BxcbNNRlbreUeIwXnP	0.725	0.778	2	-5.549	0	0.0307	0.042	0.00595	0.0633	0.337	126.023	184790	-1
spotify:track:0fEowZULrTsT0lxtrwyR3X	0.821	0.902	9	-4.691	1	0.127	0.00265	0.0527	0.0637	0.631	123.997	415417	0
spotify:track:1Rbrm7ozBLd32dTyhikJhu	0.747	0.962	8	-7.521	0	0.0756	0.0123	0.424	0.361	0.611	128.0	401250	2
spotify:track:6kzbq23ABATKtYDWSAdKrY	0.686	0.969	11	-4.595	0	0.0596	0.00307	0.323	0.0524	0.498	125.011	208320	12
spotify:track:2le6uB5ibOTFNJSvX1bobP	0.797	0.84	11	-9.474	0	0.0494	0.000399	0.728	0.103	0.77	127.029	409815	-1
spotify:track:0cnLrga3Y3fFVelY0RSK1r	0.716	0.738	0	-8.114	0	0.0424	0.000652	0.832	0.0561	0.0936	123.016	269268	-1
spotify:track:74nKDrdxi4Qju91aNFoKHe	0.561	0.744	5	-8.017	0	0.0298	0.00213	0.928	0.341	0.432	124.003	220645	2
spotify:track:5Cgh20KVMZPkceh0z9aPYp	0.618	0.884	10	-5.188	1	0.0333	0.00259	0.654	0.383	0.595	120.006	292000	2
spotify:track:40BsEMOHVy6DAjofndUQ6x	0.566	0.916	4	-8.396	0	0.0718	0.000215	0.891	0.0762	0.782	135.007	558222	6
spotify:track:4uU140mhIS8nZycSuW2QI1	0.676	0.761	11	-7.82	0	0.0581	0.000358	0.911	0.072	0.175	132.007	343750	-1
spotify:track:7DrCJX6MjC3EjGs17m2CWs	0.56	0.956	7	-5.936	1	0.0493	0.000324	0.51	0.0977	0.169	133.988	317015	12
spotify:track:0UNc0CCy5VI9O7P9zc0xH8	0.568	0.771	8	-8.709	0	0.0448	0.222	0.77	0.369	0.263	122.009	454102	2
spotify:track:2K3CQS80oYdLDLEmQnEk8B	0.693	0.75	2	-9.048	1	0.0334	0.0131	0.787	0.104	0.155	120.001	256375	-1
spotify:track:70uLsKBocpAg2WFM9d5aj3	0.652	0.842	8	-8.407	0	0.0423	0.00102	0.875	0.148	0.349	120.0	352563	-1
spotify:track:37vOIBG0o3klEhQ4Xii9Sl	0.629	0.592	0	-9.578	0	0.0284	0.00484	0.00523	0.355	0.083	122.005	214422	-1
spotify:track:2icsdn3Tszse0MhdqGzzBx	0.764	0.609	0	-8.341	1	0.0462	0.00231	0.889	0.0481	0.694	117.992	326500	6
spotify:track:0h66RHxrTWsdq1pyHLzRY8	0.689	0.887	3	-7.17	0	0.0335	0.00294	0.897	0.452	0.198	121.992	226187	2
spotify:track:7cIfGsFECn8CkrSe04IMx5	0.64	0.578	0	-13.061	1	0.042	0.00981	0.828	0.168	0.471	119.004	340500	-1
spotify:track:07IOudxDy8urDK8U6OZyuO	0.741	0.546	6	-8.356	0	0.044	0.000306	0.824	0.384	0.25	124.023	240015	2
spotify:track:3aMPqZwoG8SwCqQPETruNA	0.667	0.877	6	-9.39	1	0.0444	0.103	0.73	0.0577	0.589	126.003	523616	-1
spotify:track:0TRyEt9LfVZTayk74ZA0gi	0.701	0.563	5	-7.527	0	0.0448	0.00149	0.881	0.305	0.603	125.996	484287	2
spotify:track:1nuY233IbDmzXT8g4RR3IY	0.527	0.944	3	-6.4	0	0.0409	0.00651	0.809	0.0779	0.075	125.015	224250	28
spotify:track:6KtJHO1CWiM14b82Q4NlrI	0.885	0.563	1	-6.148	1	0.0586	0.0259	0.0913	0.0599	0.73	127.995	327026	12
spotify:track:4hkKExmpegxg0bPq3dTwkY	0.73	0.635	0	-8.266	1	0.0444	0.00857	0.845	0.117	0.343	123.98	426294	-1
spotify:track:0mogpLJRPJTCCdy5yV9qhl	0.669	0.884	6	-6.431	1	0.036	0.00619	0.821	0.0775	0.426	125.02	264698	-1
spotify:track:1y3xJnHNxRKQLpDFzWBLvK	0.759	0.883	10	-5.905	0	0.0453	0.013	0.869	0.0759	0.172	124.002	381290	-1
spotify:track:7FQaEFPI8O1ZfKDjaF3MXa	0.732	0.915	11	-6.303	1	0.0488	0.00439	0.713	0.0585	0.714	122.008	421945	6
spotify:track:7xmXwtd8mL15ZMn4CKI94u	0.753	0.949	7	-2.91	0	0.211	0.0415	0.399	0.16	0.193	128.012	174492	0
spotify:track:6J5qO56twlAoR9ssCCacHe	0.948	0.93	11	-5.394	0	0.188	0.00356	0.186	0.129	0.335	126.003	144733	0
spotify:track:0ZMEYQXBng4a4lWyx5dpGD	0.708	0.696	4	-4.61	0	0.316	0.0985	0.0028	0.212	0.677	128.056	161250	12
spotify:track:3JsH3qnwhYGs20PBMsCgNx	0.66	0.878	6	-6.647	0	0.0596	0.212	0.663	0.16	0.264	129.004	213800	-1
spotify:track:4nrPB8O7Y7wsOCJdgXkthe	0.778	0.632	2	-5.6	0	0.0493	0.274	0.0	0.0915	0.498	122.104	218289	-1
spotify:track:1BekxmZKaOuPxxlS7kF1Gz	0.566	0.949	8	-6.906	1	0.043	0.00397	0.42	0.0563	0.108	126.032	163640	12
spotify:track:6UN73IYd0hZxLi8wFPMQij	0.954	0.516	6	-5.817	1	0.16	0.03	7.54e-06	0.0504	0.624	105.001	139560	0
spotify:track:1odkKVWMA79nrKBrjIkEHL	0.504	0.824	4	-6.105	1	0.037	0.0102	0.882	0.0862	0.199	127.974	285469	-1
spotify:track:7o1hVcPJT3V3mWaq4rnLHr	0.785	0.665	9	-9.936	1	0.0491	0.0035	0.675	0.104	0.156	125.012	249605	-1
spotify:track:0HuaQ836HU6X51AnU5YeHE	0.477	0.748	1	-5.809	0	0.0899	0.0945	0.0245	0.15	0.0397	130.026	306259	-1
spotify:track:5uSFGgIfHMT3osrAd9n9ym	0.669	0.742	1	-3.518	0	0.0441	0.296	0.0	0.355	0.716	101.982	203472	-1
spotify:track:4WcD7sb5B1PQHNkOCf650z	0.585	0.862	1	-5.379	0	0.0582	0.0251	0.0	0.117	0.485	128.048	176250	12
spotify:track:26b3oVLrRUaaybJulow9kz	0.573	0.422	10	-7.621	0	0.0678	0.551	1.31e-05	0.102	0.693	124.357	184791	12
spotify:track:1yPf7M5KyANEPisAFHfcA9	0.546	0.77	5	-8.565	0	0.0364	0.0122	0.927	0.14	0.0724	123.002	303735	-1
spotify:track:710dD4buiB6eYZUMeTV68A	0.818	0.848	9	-7.691	1	0.0683	0.000117	0.9	0.0412	0.607	126.017	475696	-1
spotify:track:2W23YPvyA41zDDLDwKmiHR	0.805	0.684	11	-10.219	0	0.0797	0.00289	0.932	0.0769	0.0824	124.99	441863	-1
spotify:track:4MXfcFYde3TX7g70HElez6	0.744	0.783	7	-7.626	1	0.0962	0.000788	0.562	0.118	0.503	121.981	238033	0
spotify:track:7sEO66pgSVqq6JMs0JRSqD	0.795	0.717	1	-9.644	1	0.0489	0.625	0.896	0.108	0.321	121.963	224403	-1
spotify:track:75Of4PQxJHJoJKzEl7acOo	0.568	0.848	1	-7.584	1	0.0405	0.0121	0.624	0.231	0.339	123.997	329093	2
spotify:track:6jbZFOnotAmUA0a8Ksq80Z	0.678	0.991	3	-4.121	1	0.058	0.0207	0.761	0.0941	0.421	124.968	149760	28
spotify:track:793daDgvzeh6Hj6Py3TH79	0.72	0.974	7	-5.416	1	0.132	0.000225	0.844	0.0851	0.21	128.008	378750	-1
spotify:track:6BE6DIBB5ib3KqoMQvEgDp	0.576	0.913	4	-4.94	0	0.0396	0.00089	0.92	0.0773	0.0379	133.984	235504	28
spotify:track:6Qh1XXgCVSXMJ8WfddPLAo	0.753	0.847	6	-8.92	1	0.0464	0.000644	0.94	0.112	0.0674	138.003	309565	-1
spotify:track:3P987Lr0eaOXOku6GJbGYY	0.732	0.927	1	-10.453	0	0.0582	3.12e-05	0.813	0.124	0.067	137.989	281361	28
spotify:track:6yX02S2Wtyvg6kL4AOV0PP	0.688	0.885	1	-8.519	1	0.0622	0.00104	0.58	0.15	0.265	137.993	306087	-1
spotify:track:33gMi0HT7Y3Bob7TqF6M6r	0.766	0.996	0	-5.779	0	0.0587	0.000908	0.877	0.0946	0.268	137.981	336000	-1
spotify:track:4W2Tbppz0acb37Pi6t5snj	0.674	0.942	1	-8.795	0	0.0629	0.000218	0.827	0.114	0.296	136.996	392409	28
spotify:track:6iT1U5TGYdZbtVkyLMHb7s	0.529	0.956	0	-6.333	1	0.0387	2.03e-05	0.795	0.213	0.099	147.999	333360	18
spotify:track:7n24EOW7ElKwtz5wXkzynQ	0.536	0.915	3	-7.767	0	0.298	0.131	0.624	0.0765	0.0626	154.986	294529	-1
spotify:track:1NY70HkJCodVp1Bsg1kywl	0.503	0.839	4	-5.973	0	0.0383	0.000465	0.747	0.0748	0.0491	127.983	312019	-1
spotify:track:01XG7WAJo7Zh4hAKIsXYPA	0.811	0.975	6	-3.732	1	0.0458	0.0502	0.814	0.124	0.791	128.021	128438	7
spotify:track:48ikc2AnoyLJgLnrkwWWgb	0.714	0.949	4	-5.63	0	0.0537	0.00032	0.918	0.0894	0.592	125.008	372439	-1
spotify:track:5XqX6XXhQz9f6HE6v6BwWk	0.807	0.692	4	-7.889	0	0.0469	0.00704	0.849	0.186	0.31	124.018	193669	-1
spotify:track:2D4CroWk9SFv3DQdfvKDhh	0.697	0.868	2	-6.977	0	0.092	0.0275	0.31	0.308	0.897	125.027	156480	0
spotify:track:747s1iXNCrZi3OeV7YDV9A	0.834	0.853	0	-6.102	1	0.118	0.0558	0.0725	0.0653	0.545	125.011	176282	12
spotify:track:7eByPAx572J3cclC8y3mkp	0.605	0.826	9	-7.878	0	0.046	0.00454	0.000612	0.0999	0.103	123.996	209516	12
spotify:track:5J0o5PYCHvDQZ10FtJ6bwz	0.444	0.717	9	-7.054	0	0.0991	0.522	1.85e-06	0.105	0.242	121.257	168197	-1
spotify:track:4kRh9wZFE126GpNIRHNBma	0.795	0.927	2	-6.395	1	0.0801	0.0086	0.107	0.327	0.719	126.983	186014	2
spotify:track:5fgT3t3IYunBVjKhEzJZv6	0.827	0.615	0	-5.902	1	0.284	0.551	0.0779	0.329	0.259	120.072	173270	0
spotify:track:5yIhGoOGSJdkO9WilRR6ya	0.677	0.967	11	-4.546	1	0.0642	0.00827	0.923	0.636	0.441	126.024	194544	2
spotify:track:4jRXoqeqFNxUI25ugusDyI	0.803	0.747	9	-9.472	1	0.138	0.00423	0.18	0.368	0.525	126.013	185516	0
spotify:track:3hVIIqBnoSXWxlUQRWikYL	0.796	0.629	6	-8.959	0	0.058	0.0197	0.832	0.0792	0.478	129.004	391000	13
spotify:track:00DpBZOGF65naE1u4WSpXm	0.756	0.936	11	-4.156	0	0.0795	0.00306	0.183	0.0209	0.865	126.016	224762	11
spotify:track:7jTRNKFddIvWjcfp45AzGY	0.685	0.759	7	-5.393	0	0.0447	0.0777	3.02e-05	0.0884	0.311	123.024	157073	-1
spotify:track:2kCEz5SnL22qQhJeOjgNQW	0.777	0.887	5	-5.152	0	0.0507	0.0876	0.0632	0.0966	0.325	126.038	171084	-1
spotify:track:32E8uwM57X19l3uBOEuTB2	0.696	0.819	1	-6.439	0	0.0417	0.103	0.00108	0.113	0.307	123.992	147581	-1
spotify:track:2UAYm3HBPNalktzCgWavda	0.773	0.913	1	-4.52	0	0.0516	0.00174	0.826	0.0691	0.527	127.997	329960	6
spotify:track:2e3Qt3sB30HiEWqlwUWga9	0.793	0.995	11	-2.466	0	0.183	0.032	0.838	0.198	0.45	126.006	169524	-1
spotify:track:6iHZ182aODIVGzWusNtLx8	0.799	0.876	10	-6.018	0	0.124	0.0377	0.585	0.115	0.559	125.016	250080	0
spotify:track:7auKrax0KsuQBIYL3FHzJm	0.734	0.703	7	-7.171	1	0.04	0.0032	0.676	0.0828	0.376	124.014	205403	-1
spotify:track:7hciLyZWekdi8tz3dNtc9i	0.824	0.813	4	-4.776	0	0.0485	0.00134	0.000767	0.0806	0.593	124.999	326640	12
spotify:track:5kYXFA62ZuvcJTrpNQke9V	0.605	0.943	9	-4.819	0	0.0345	0.000454	0.219	0.0461	0.33	128.001	273750	12
spotify:track:0gfVBL5Ya8r6SqNEdLbYCv	0.838	0.969	9	-4.042	1	0.211	0.00355	0.0986	0.0397	0.361	124.005	298548	0
spotify:track:0Nsg0UF9XJSfkAI4OFHdUT	0.634	0.899	1	-6.128	1	0.0435	9.06e-05	0.735	0.0504	0.955	125.005	343000	6
spotify:track:6rwuLS3kg9Rulot4ikFh9J	0.71	0.982	7	-4.767	1	0.0939	0.000823	0.0143	0.333	0.237	129.003	163721	2
spotify:track:3Dt6xGaVQjY00Mozs0uwg6	0.775	0.967	1	-4.829	0	0.0684	0.00135	0.372	0.0163	0.379	125.999	369677	12
spotify:track:5IkKI2oQtPyYn7dbnzZ3RW	0.813	0.938	0	-3.979	1	0.054	0.000154	0.119	0.0325	0.682	125.003	372100	11
spotify:track:3DDkayXgcOKbkhZyAf75K5	0.701	0.832	3	-7.217	1	0.0351	0.000775	0.51	0.0401	0.57	126.037	409355	12
spotify:track:2TAHGGbmtwtlH47hZLYWzu	0.746	0.91	7	-8.766	1	0.0586	0.00515	0.261	0.147	0.794	128.004	181133	12
spotify:track:51euUaX8ITKGbDgIWTvps2	0.799	0.905	0	-7.368	1	0.0737	0.0117	0.755	0.198	0.834	129.015	306977	-1
spotify:track:3MLwDvzt63FlZQClm9cbBV	0.586	0.892	7	-6.678	1	0.0391	0.0013	0.662	0.0706	0.0355	123.998	186774	-1
spotify:track:5ubFevhoHFXHOnxWWzgjGP	0.668	0.906	9	-6.646	0	0.0398	0.00465	0.752	0.386	0.0908	126.002	219823	2
spotify:track:2c61UGWQ6HndpS4DhOyhti	0.488	0.991	11	-5.326	0	0.144	0.0126	0.0277	0.411	0.29	128.062	204375	2
spotify:track:5Q1EkZan0FG4BYs9ntwTAQ	0.636	0.916	7	-5.337	0	0.0425	0.00355	0.0011	0.147	0.0772	128.032	236484	12
spotify:track:3K0CiJuon8q9fcgKCrm7rm	0.258	0.956	9	-6.99	0	0.0469	0.00151	0.828	0.272	0.276	139.965	198857	2
spotify:track:0dadRZuhqEnXQExMwwgtpb	0.45	0.991	10	-5.844	0	0.0512	0.000939	0.939	0.346	0.111	140.281	232773	2
spotify:track:6kQCFnfxYic4bm43IzNyw4	0.802	0.786	9	-9.716	1	0.0391	9.72e-05	0.797	0.115	0.61	124.007	371593	-1
spotify:track:3h7ppdfhhztrZBw6F4J4J9	0.806	0.663	1	-8.589	1	0.0731	0.00393	0.807	0.0801	0.469	126.997	246774	-1
spotify:track:5Cv9UBYh2VkiCspwh4Wog5	0.655	0.89	5	-6.434	0	0.0611	0.101	0.0149	0.488	0.328	127.979	199967	-1
spotify:track:4QUA94c3ycZm8dnpPih4sf	0.486	0.896	11	-6.189	0	0.0346	0.0015	0.0443	0.217	0.195	123.967	161883	12
spotify:track:2BXzimZvrg8j789MeB2JDe	0.633	0.787	10	-5.724	0	0.0269	0.0119	0.285	0.0669	0.255	124.982	234190	12
spotify:track:2AlcINfISMGyUxUx6XSTr2	0.357	0.72	11	-10.539	0	0.0733	0.152	0.68	0.0972	0.544	169.218	177806	-1
spotify:track:1oeP4pXCThTXbPhRFXWFyB	0.807	0.873	1	-11.199	1	0.0602	5.75e-05	0.885	0.0932	0.613	126.998	315273	-1
spotify:track:5I1UVqlg6sLuG0N5iBOg1L	0.862	0.792	11	-8.129	0	0.0672	0.0269	0.563	0.0686	0.859	121.007	385195	11
spotify:track:3MPMlVLLHgPPJJBDrX424v	0.66	0.884	4	-6.34	0	0.0576	0.0129	0.00821	0.42	0.472	119.991	148000	2
spotify:track:5ZA8y7ISUIEWcfuQSai2kX	0.734	0.916	6	-3.942	0	0.035	0.219	0.00578	0.145	0.73	126.015	143333	12
spotify:track:59iEaoAOSV9LQy4SaGy6rh	0.682	0.542	1	-8.572	0	0.041	0.0981	0.246	0.182	0.635	127.896	131250	12
spotify:track:3ozBO2VCTzeWaWHMF8Vko9	0.67	0.952	7	-4.954	0	0.0349	0.105	0.872	0.105	0.0802	129.995	244616	-1
spotify:track:1vMecECuGNLokzgc2yliP1	0.75	0.684	1	-11.367	0	0.0461	0.0261	0.096	0.392	0.385	135.043	179111	2
spotify:track:4oNaxYqoPdm6EGrJFldOx1	0.802	0.936	4	-4.918	1	0.0694	0.00482	0.0152	0.285	0.735	126.022	143333	-1
spotify:track:2dIVPfcnxiinalzOQpHWq8	0.731	0.982	8	-5.424	1	0.164	0.0264	0.000297	0.11	0.593	125.949	168571	0
spotify:track:3rvhqLBTn4OC50qevb5ii9	0.73	0.808	5	-3.94	0	0.0387	0.0356	0.0286	0.219	0.536	126.014	168095	12
spotify:track:0v2DHpz6Nkkd3G6CA8OnX2	0.859	0.727	8	-8.663	1	0.272	0.209	0.793	0.0908	0.656	125.039	157454	-1
spotify:track:1Ox9ITclZVpZeN3KgDJkj5	0.709	0.783	3	-5.839	0	0.0854	0.048	0.867	0.311	0.484	128.137	131250	2
spotify:track:2Ks0xBPDyZJjIip8TWuG60	0.579	0.761	5	-5.285	0	0.197	2.68e-05	0.857	0.109	0.32	130.008	356769	-1
spotify:track:3UCnSaaqDCgtuRo0J8Sxbp	0.507	0.944	0	-4.35	0	0.0577	0.000486	0.521	0.0733	0.0689	104.967	318667	12
spotify:track:2bEOoGCjJJVf60y3aKgXcn	0.624	0.904	4	-4.774	1	0.0479	0.00112	0.0231	0.604	0.649	130.153	216733	-1
spotify:track:138ADAIJra5lBNbqQF2m7z	0.6	0.954	11	-5.463	0	0.0555	0.0086	0.624	0.0775	0.665	140.125	244427	-1
spotify:track:1ryMgu0CnRSseTYpvMDOLD	0.501	0.76	2	-5.802	0	0.0343	0.00268	0.0616	0.152	0.138	83.046	279893	-1
spotify:track:2iFgHPoa7FNHwgLnjXzu7F	0.581	0.822	11	-7.341	1	0.0574	0.0229	0.0	0.126	0.3	116.929	273707	-1
spotify:track:2KsHzM4L7ThhNJB6MHXkPx	0.55	0.569	7	-7.683	0	0.0462	0.132	1.47e-05	0.174	0.0518	123.179	321687	-1
spotify:track:2Tqu8wZeY7Hcj0ugSVvmjS	0.664	0.808	2	-7.998	1	0.0335	0.0537	0.912	0.0977	0.0901	120.0	346253	-1
spotify:track:1T8IRUJBga0JXioJZvxjBR	0.521	0.895	7	-5.242	1	0.0442	5.54e-05	0.349	0.0985	0.237	120.117	322340	12
spotify:track:5vZ4IeUenK2cHub2d7yfWk	0.652	0.894	0	-5.145	0	0.0409	0.00404	0.00381	0.124	0.76	132.03	277397	12
spotify:track:39RKlCfLoqb8o2aXfpVfjW	0.47	0.959	10	-4.338	1	0.075	0.00535	0.0101	0.141	0.199	88.0	272413	12
spotify:track:4w3R0GZ2rScJMKlgPJzHRq	0.51	0.917	4	-4.806	0	0.0854	0.0054	0.000133	0.396	0.313	75.098	272440	2
spotify:track:4aFC7Mes7CW5vHcb8ZApAx	0.424	0.59	2	-5.531	0	0.0294	0.00389	0.000432	0.114	0.204	136.033	271173	-1
spotify:track:0xQZkTxb49QpopIZQhKJUY	0.637	0.658	2	-5.775	1	0.0291	0.00918	0.00229	0.295	0.328	96.072	264267	-1
spotify:track:4D1VchY3LaTzchH12BCLoe	0.685	0.92	0	-4.046	1	0.0807	0.000676	0.00293	0.373	0.456	124.982	230267	2
spotify:track:73se54LukI1xEPE8XKsrWf	0.67	0.755	3	-7.416	1	0.031	0.000358	0.244	0.344	0.813	111.984	289267	-1
spotify:track:0EAKf1NdBfTiK1idL7yLTg	0.573	0.773	7	-4.629	1	0.0442	0.00158	0.0957	0.0734	0.541	134.977	239080	12
spotify:track:7Kl8hfSH4uG9nEFTkA5CNG	0.658	0.698	4	-7.851	1	0.0458	0.00169	0.784	0.391	0.141	113.919	206333	2
spotify:track:3X0K6fII7VIwL1URPrp8Ko	0.648	0.896	2	-4.254	1	0.041	0.00138	0.000819	0.0879	0.468	128.115	217107	12
spotify:track:56SLMIzWKrEOWIQ5LCzKXV	0.609	0.718	9	-5.809	1	0.0412	0.0261	0.00173	0.275	0.189	125.048	278211	2
spotify:track:0Fw9QrEUn6XM9zHTrsNd5W	0.802	0.837	9	-9.442	0	0.0469	0.00122	0.817	0.0831	0.796	130.02	415385	-1
spotify:track:1N3YbdM8HfuaTQ1nIhLqic	0.798	0.962	10	-6.489	0	0.0555	0.000765	0.768	0.299	0.3	129.983	219692	2
spotify:track:3FUptqHT3emharPqgXuJlu	0.737	0.711	9	-7.955	0	0.13	0.00215	0.927	0.0533	0.3	128.004	371250	-1
spotify:track:0M8CqbYjNu7czM3ehVHfKk	0.831	0.804	11	-5.034	1	0.0519	0.000622	0.686	0.0908	0.573	124.995	216960	-1
spotify:track:7bTUpjTHCuorKO3MOZtOjr	0.789	0.46	5	-9.298	0	0.0405	0.0242	7.93e-05	0.081	0.694	132.006	280115	11
spotify:track:2rAqsl7spI4zKSI4NCPwY4	0.758	0.95	7	-7.382	1	0.0585	0.000427	0.827	0.0614	0.492	127.013	171541	-1
spotify:track:4OPFSpwqJQygQ7JxL5JMN8	0.867	0.748	5	-5.962	0	0.0809	0.00185	0.895	0.0374	0.785	124.991	195360	-1
spotify:track:5KNQaYJGLe2A6nj4TgqRzA	0.751	0.953	1	-5.781	1	0.0522	0.0127	0.779	0.0636	0.745	122.034	217153	-1
spotify:track:2SfEhhdBaZCyWFTDeCmw4M	0.913	0.757	6	-4.225	1	0.13	0.000804	0.31	0.259	0.499	122.024	321383	0
spotify:track:3lGovWQpk9JgfkjwSYlnos	0.744	0.764	11	-7.616	0	0.0612	0.0448	0.0586	0.172	0.483	124.989	185250	12
spotify:track:7dYBCDao1pYAKvqzAexYod	0.73	0.77	11	-4.618	0	0.196	0.0262	0.332	0.105	0.516	125.183	168960	0
spotify:track:15gt5f2sATHF54J6QWIGOL	0.817	0.923	5	-6.695	0	0.0479	0.000677	0.742	0.0492	0.762	123.999	344516	7
spotify:track:4s87l5obD4MjsBVIaOaupj	0.842	0.914	8	-6.868	1	0.132	0.00864	0.213	0.04	0.653	128.002	365678	0
spotify:track:70OpugIUa8wtIuqZUfO0a4	0.767	0.864	11	-6.431	1	0.107	0.00376	0.024	0.247	0.121	121.023	224000	2
spotify:track:5bY2HsKpU4zAhUraT9fpWC	0.778	0.908	1	-7.021	1	0.0695	0.00112	0.281	0.31	0.0691	127.992	348750	-1
spotify:track:6eyEkoFavbGiNrEHP08JPk	0.802	0.841	1	-7.524	0	0.077	0.00129	0.846	0.101	0.323	127.016	340157	-1
spotify:track:0uLqie02F4WiFFHqOFxOM3	0.713	0.851	1	-9.076	0	0.0567	0.000125	0.0481	0.0521	0.533	119.99	376500	12
spotify:track:4W6EtckEBKuDEYzGB2WGq8	0.631	0.711	5	-7.722	0	0.0464	0.482	0.109	0.093	0.246	127.031	264567	-1
spotify:track:1CEP99EVCVRB1Hy1LLRttk	0.884	0.682	1	-7.107	1	0.101	0.343	0.277	0.119	0.119	124.005	202626	-1
spotify:track:1dQtt3K8GyPmH7ZD1LJ2ox	0.803	0.902	1	-2.934	1	0.0676	0.00533	0.667	0.111	0.628	126.999	166777	-1
spotify:track:4I5wm54hVyiLcHLLyZwK0D	0.652	0.617	0	-7.196	1	0.287	0.0765	0.0	0.108	0.583	139.99	209143	12
spotify:track:4nCW3tSl82LPbmrrwYpF4b	0.57	0.96	6	-1.986	0	0.0656	0.00139	0.829	0.137	0.148	150.063	227200	-1
spotify:track:4xX0W5Q6yS6yq6ScAXFCLs	0.415	0.918	1	-1.554	0	0.0789	0.031	4.82e-05	0.385	0.281	149.85	246500	2
spotify:track:1mdJklgo32GsyU3kVUQK1l	0.46	0.966	9	-4.839	1	0.202	0.0027	0.0358	0.339	0.209	160.26	186000	2
spotify:track:6O24BojI6pjogt7l0eW5XT	0.373	0.985	11	-2.907	0	0.373	0.0211	0.0	0.518	0.453	176.319	190909	2
spotify:track:7dMHikM2EFipQdSyDZbnsE	0.499	0.978	11	0.128	0	0.0976	0.00285	0.0	0.322	0.323	175.034	230400	2
spotify:track:6UOBGqEGl8eHLWXqiLdCY9	0.66	0.908	8	-4.226	1	0.17	0.017	0.000336	0.126	0.664	98.059	264490	0
spotify:track:6oaFPm9b0uGVOqtwVNvJ9M	0.616	0.625	1	-6.615	1	0.0707	0.139	0.000813	0.129	0.413	100.043	256801	-1
spotify:track:5mmvdgjLgQPTGOUeqWt4Lw	0.722	0.831	6	-3.582	1	0.0242	0.00449	0.0292	0.101	0.698	102.017	232953	12
spotify:track:0t4lajWALfUkhVleojB5P8	0.535	0.883	7	-7.104	1	0.0426	6.32e-05	0.0456	0.266	0.0616	121.218	301012	-1
spotify:track:01NkMTGIYbAu4CnzynNBYJ	0.412	0.86	4	-6.275	0	0.0452	0.269	0.914	0.362	0.0389	127.964	286875	2
spotify:track:3mWgVg6IGvxbqnOYqUsDwm	0.764	0.854	1	-5.163	1	0.067	0.0495	0.814	0.0871	0.169	127.981	148183	-1
spotify:track:7opksMdU6x9OYV8AkpZHIU	0.442	0.973	1	-2.908	1	0.24	0.0136	0.618	0.384	0.052	149.841	227200	2
spotify:track:4qOxWdTOrSyFQtadxyB2Z1	0.595	0.949	3	-2.346	0	0.151	0.0978	0.053	0.0543	0.444	144.107	166667	-1
spotify:track:2sHAn0xGFqwl5X1ciLvfv2	0.575	0.902	1	-4.472	1	0.0571	0.00108	0.848	0.0783	0.397	150.182	218571	-1
spotify:track:0zchXoLWJaf0OEH3DALpIn	0.394	0.932	11	-5.163	1	0.27	0.0217	0.00671	0.0791	0.126	150.041	208000	12
spotify:track:1oBhvIDddwBZ9LfaySy7Zl	0.636	0.695	7	-7.216	0	0.0428	0.0462	0.024	0.12	0.0493	137.937	190728	-1
spotify:track:3KExrKzEtmZxa81zSky5qT	0.663	0.962	10	-2.726	0	0.0481	0.000572	0.0108	0.297	0.0835	120.023	192500	2
spotify:track:1em64oUUeu9TKKP7cxTkpz	0.417	0.674	2	-6.673	1	0.0433	0.0826	0.00031	0.254	0.194	119.844	208005	-1
spotify:track:79S17PusMaGttKfoG4aQab	0.523	0.698	5	-5.075	1	0.0383	0.00849	0.00319	0.105	0.279	145.073	269138	-1
spotify:track:3Sn3kY2x96nJs40Ag4tjZl	0.846	0.805	11	-6.957	0	0.0773	0.000453	0.812	0.0585	0.574	127.008	272598	-1
spotify:track:3M3K9caDlCojE7Srbn9Zpe	0.785	0.984	0	-5.102	0	0.0503	0.097	0.861	0.0592	0.666	126.016	171429	7
